4
1
1

4
6
2

4
6
2

4
6
1

3
9
1

2
fact
2

4
3
1

3
9
1

2
n
0

4
1
1

4
6
2

4
6
2

4
6
2

4
6
1

3
7
2

4
3
1

5
19
2

2
n
0

1
1.0000000000
0

3
12
1

1
1.0000000000
0

3
9
1

5
17
2

2
arg
0

5
14
2

2
n
0

1
1.0000000000
0

3
9
1

5
17
2

2
result
0

5
15
2

2
fact
1

4
3
1

2
arg
0

2
n
0

3
12
1

2
result
0

3
9
1

2
fib
2

4
3
1

4
5
2

3
9
1

2
ind
0

3
9
1

2
x
0

4
1
1

4
6
2

4
6
2

4
6
2

4
6
1

3
7
2

4
3
1

5
19
2

2
ind
0

1
2.0000000000
0

3
12
1

1
1.0000000000
0

3
9
1

5
17
2

2
arg1
0

5
14
2

2
ind
0

1
1.0000000000
0

3
9
1

5
17
2

2
arg2
0

5
14
2

2
ind
0

1
2.0000000000
0

3
12
1

5
13
2

2
fib
1

4
3
1

4
5
2

2
arg1
0

2
x
0

2
fib
1

4
3
1

4
5
2

2
arg2
0

2
x
0

3
9
1

2
main
2

4
3
0

4
1
1

4
6
2

4
6
2

4
6
2

4
6
2

4
6
1

3
9
1

4
5
2

2
a
0

2
b
0

3
10
1

4
3
1

4
5
2

2
a
0

2
b
0

3
9
1

5
17
2

2
res
0

5
13
2

2
a
0

2
b
0

3
11
1

4
3
1

2
res
0

3
12
1

1
0.0000000000
0

