4
1

3
9

2
fibonacci

4
3

3
9

2
n

4
4

4
1

3
7

4
3

2
n

5
20

1
1.0000000000

4
4

4
1

3
12

1
1.0000000000

4
6

4
2

4
6

3
12

2
fibonacci

4
3

2
n

5
14

1
2.0000000000

4
4

5
13

2
fibonacci

4
3

2
n

5
14

1
1.0000000000

4
4

4
6

4
2

4
6

3
9

2
add

4
3

3
9

2
x

4
5

3
9

2
y

4
5

3
9

2
z

4
4

4
1

3
12

2
x

5
13

2
y

5
13

2
z

4
6

4
2

4
6

3
9

2
main

4
3

4
4

4
1

3
9

2
a

4
5

2
b

5
17

1
4.0000000000

5
13

2
a

4
5

2
c

4
6

3
8

4
3

2
a

5
19

1
10.0000000000

5
23

2
b

5
13

2
c

5
19

1
82.0000000000

4
4

4
1

2
a

5
17

2
a

5
13

1
1.0000000000

4
6

4
2

4
6

3
12

1
0.0000000000

4
6

4
2

4
6

4
2

4
6

